# This file was produced by samtools stats (1.22.1+htslib-1.22.1) and can be plotted using plot-bamstats
# This file contains statistics for all reads.
# The command line was:  stats ATAC/ATAC_C1200/ATAC_C1200.q30.rmdup.sorted.bam
# CHK, Checksum	[2]Read Names	[3]Sequences	[4]Qualities
# CHK, CRC32 of reads which passed filtering followed by addition (32bit overflow)
CHK	ede34ed0	bc1765ab	da5e69f2
# Summary Numbers. Use `grep ^SN | cut -f 2-` to extract this part.
SN	raw total sequences:	99572187	# excluding supplementary and secondary reads
SN	filtered sequences:	0
SN	sequences:	99572187
SN	is sorted:	1	# sorted by coordinate
SN	1st fragments:	49852879
SN	last fragments:	49719308
SN	reads mapped:	99572187
SN	reads mapped and paired:	99288609	# paired-end technology bit set + both mates mapped
SN	reads unmapped:	0
SN	reads properly paired:	99052334	# proper-pair bit set
SN	reads paired:	99572187	# paired-end technology bit set
SN	reads duplicated:	0	# PCR or optical duplicate bit set
SN	reads MQ0:	0	# mapped and MQ=0
SN	reads QC failed:	0
SN	non-primary alignments:	0
SN	supplementary alignments:	0
SN	total length:	2987165610	# ignores clipping
SN	total first fragment length:	1495586370	# ignores clipping
SN	total last fragment length:	1491579240	# ignores clipping
SN	bases mapped:	2987165610	# ignores clipping
SN	bases mapped (cigar):	2984137448	# more accurate
SN	bases trimmed:	0
SN	bases duplicated:	0
SN	mismatches:	6982420	# from NM fields
SN	error rate:	2.339845e-03	# mismatches / bases mapped (cigar)
SN	average length:	30
SN	average first fragment length:	30
SN	average last fragment length:	30
SN	maximum length:	30
SN	maximum first fragment length:	30
SN	maximum last fragment length:	30
SN	average quality:	35.8
SN	insert size average:	210.6
SN	insert size standard deviation:	133.7
SN	inward oriented pairs:	49518440
SN	outward oriented pairs:	19172
SN	pairs with other orientation:	6370
SN	pairs on different chromosomes:	100322
SN	percentage of properly paired reads (%):	99.5
# First Fragment Qualities. Use `grep ^FFQ | cut -f 2-` to extract this part.
# Columns correspond to qualities and rows to cycles. First column is the cycle number.
FFQ	1	0	0	5982	0	0	0	0	0	0	0	0	4088862	0	0	0	0	0	0	0	0	0	0	0	0	0	5471275	0	0	0	0	0	0	0	0	0	0	0	40286760	0
FFQ	2	0	0	1996	0	0	0	0	0	0	0	0	2618607	0	0	0	0	0	0	0	0	0	0	0	0	0	4470187	0	0	0	0	0	0	0	0	0	0	0	42762089	0
FFQ	3	0	0	0	0	0	0	0	0	0	0	0	2396984	0	0	0	0	0	0	0	0	0	0	0	0	0	4207137	0	0	0	0	0	0	0	0	0	0	0	43248758	0
FFQ	4	0	0	0	0	0	0	0	0	0	0	0	1892664	0	0	0	0	0	0	0	0	0	0	0	0	0	3732747	0	0	0	0	0	0	0	0	0	0	0	44227468	0
FFQ	5	0	0	0	0	0	0	0	0	0	0	0	1692293	0	0	0	0	0	0	0	0	0	0	0	0	0	3360590	0	0	0	0	0	0	0	0	0	0	0	44799996	0
FFQ	6	0	0	0	0	0	0	0	0	0	0	0	1355870	0	0	0	0	0	0	0	0	0	0	0	0	0	3099633	0	0	0	0	0	0	0	0	0	0	0	45397376	0
FFQ	7	0	0	4	0	0	0	0	0	0	0	0	1211209	0	0	0	0	0	0	0	0	0	0	0	0	0	2824820	0	0	0	0	0	0	0	0	0	0	0	45816846	0
FFQ	8	0	0	0	0	0	0	0	0	0	0	0	1265316	0	0	0	0	0	0	0	0	0	0	0	0	0	2925912	0	0	0	0	0	0	0	0	0	0	0	45661651	0
FFQ	9	0	0	0	0	0	0	0	0	0	0	0	1205943	0	0	0	0	0	0	0	0	0	0	0	0	0	2903676	0	0	0	0	0	0	0	0	0	0	0	45743260	0
FFQ	10	0	0	0	0	0	0	0	0	0	0	0	1442991	0	0	0	0	0	0	0	0	0	0	0	0	0	3177541	0	0	0	0	0	0	0	0	0	0	0	45232347	0
FFQ	11	0	0	0	0	0	0	0	0	0	0	0	1099506	0	0	0	0	0	0	0	0	0	0	0	0	0	2705055	0	0	0	0	0	0	0	0	0	0	0	46048318	0
FFQ	12	0	0	11	0	0	0	0	0	0	0	0	1249832	0	0	0	0	0	0	0	0	0	0	0	0	0	2899876	0	0	0	0	0	0	0	0	0	0	0	45703160	0
FFQ	13	0	0	0	0	0	0	0	0	0	0	0	1087149	0	0	0	0	0	0	0	0	0	0	0	0	0	2639293	0	0	0	0	0	0	0	0	0	0	0	46126437	0
FFQ	14	0	0	0	0	0	0	0	0	0	0	0	1179217	0	0	0	0	0	0	0	0	0	0	0	0	0	2821038	0	0	0	0	0	0	0	0	0	0	0	45852624	0
FFQ	15	0	0	0	0	0	0	0	0	0	0	0	1143292	0	0	0	0	0	0	0	0	0	0	0	0	0	2768841	0	0	0	0	0	0	0	0	0	0	0	45940746	0
FFQ	16	0	0	0	0	0	0	0	0	0	0	0	1075051	0	0	0	0	0	0	0	0	0	0	0	0	0	2655027	0	0	0	0	0	0	0	0	0	0	0	46122801	0
FFQ	17	0	0	0	0	0	0	0	0	0	0	0	1157778	0	0	0	0	0	0	0	0	0	0	0	0	0	2768640	0	0	0	0	0	0	0	0	0	0	0	45926461	0
FFQ	18	0	0	0	0	0	0	0	0	0	0	0	1076961	0	0	0	0	0	0	0	0	0	0	0	0	0	2630781	0	0	0	0	0	0	0	0	0	0	0	46145137	0
FFQ	19	0	0	0	0	0	0	0	0	0	0	0	1118976	0	0	0	0	0	0	0	0	0	0	0	0	0	2721514	0	0	0	0	0	0	0	0	0	0	0	46012389	0
FFQ	20	0	0	0	0	0	0	0	0	0	0	0	1147609	0	0	0	0	0	0	0	0	0	0	0	0	0	2754176	0	0	0	0	0	0	0	0	0	0	0	45951094	0
FFQ	21	0	0	28	0	0	0	0	0	0	0	0	1123363	0	0	0	0	0	0	0	0	0	0	0	0	0	2752323	0	0	0	0	0	0	0	0	0	0	0	45977165	0
FFQ	22	0	0	371	0	0	0	0	0	0	0	0	1121365	0	0	0	0	0	0	0	0	0	0	0	0	0	2721673	0	0	0	0	0	0	0	0	0	0	0	46009470	0
FFQ	23	0	0	20	0	0	0	0	0	0	0	0	1125706	0	0	0	0	0	0	0	0	0	0	0	0	0	2726915	0	0	0	0	0	0	0	0	0	0	0	46000238	0
FFQ	24	0	0	0	0	0	0	0	0	0	0	0	1137902	0	0	0	0	0	0	0	0	0	0	0	0	0	2729492	0	0	0	0	0	0	0	0	0	0	0	45985485	0
FFQ	25	0	0	5	0	0	0	0	0	0	0	0	1236685	0	0	0	0	0	0	0	0	0	0	0	0	0	2879957	0	0	0	0	0	0	0	0	0	0	0	45736232	0
FFQ	26	0	0	3	0	0	0	0	0	0	0	0	1360547	0	0	0	0	0	0	0	0	0	0	0	0	0	2868378	0	0	0	0	0	0	0	0	0	0	0	45623951	0
FFQ	27	0	0	0	0	0	0	0	0	0	0	0	1421032	0	0	0	0	0	0	0	0	0	0	0	0	0	2953042	0	0	0	0	0	0	0	0	0	0	0	45478805	0
FFQ	28	0	0	0	0	0	0	0	0	0	0	0	1377992	0	0	0	0	0	0	0	0	0	0	0	0	0	2905200	0	0	0	0	0	0	0	0	0	0	0	45569687	0
FFQ	29	0	0	25	0	0	0	0	0	0	0	0	1434455	0	0	0	0	0	0	0	0	0	0	0	0	0	2956830	0	0	0	0	0	0	0	0	0	0	0	45461569	0
FFQ	30	0	0	0	0	0	0	0	0	0	0	0	1493644	0	0	0	0	0	0	0	0	0	0	0	0	0	3030123	0	0	0	0	0	0	0	0	0	0	0	45329112	0
# Last Fragment Qualities. Use `grep ^LFQ | cut -f 2-` to extract this part.
# Columns correspond to qualities and rows to cycles. First column is the cycle number.
LFQ	1	0	0	0	0	0	0	0	0	0	0	0	2235868	0	0	0	0	0	0	0	0	0	0	0	0	0	4871216	0	0	0	0	0	0	0	0	0	0	0	42612224	0
LFQ	2	0	0	0	0	0	0	0	0	0	0	0	803425	0	0	0	0	0	0	0	0	0	0	0	0	0	2127165	0	0	0	0	0	0	0	0	0	0	0	46788718	0
LFQ	3	0	0	0	0	0	0	0	0	0	0	0	735090	0	0	0	0	0	0	0	0	0	0	0	0	0	2124301	0	0	0	0	0	0	0	0	0	0	0	46859917	0
LFQ	4	0	0	0	0	0	0	0	0	0	0	0	729980	0	0	0	0	0	0	0	0	0	0	0	0	0	1992101	0	0	0	0	0	0	0	0	0	0	0	46997227	0
LFQ	5	0	0	0	0	0	0	0	0	0	0	0	693849	0	0	0	0	0	0	0	0	0	0	0	0	0	1837273	0	0	0	0	0	0	0	0	0	0	0	47188186	0
LFQ	6	0	0	0	0	0	0	0	0	0	0	0	592419	0	0	0	0	0	0	0	0	0	0	0	0	0	1641128	0	0	0	0	0	0	0	0	0	0	0	47485761	0
LFQ	7	0	0	0	0	0	0	0	0	0	0	0	644006	0	0	0	0	0	0	0	0	0	0	0	0	0	1721208	0	0	0	0	0	0	0	0	0	0	0	47354094	0
LFQ	8	0	0	0	0	0	0	0	0	0	0	0	646034	0	0	0	0	0	0	0	0	0	0	0	0	0	1701372	0	0	0	0	0	0	0	0	0	0	0	47371902	0
LFQ	9	0	0	0	0	0	0	0	0	0	0	0	553888	0	0	0	0	0	0	0	0	0	0	0	0	0	1500418	0	0	0	0	0	0	0	0	0	0	0	47665002	0
LFQ	10	0	0	0	0	0	0	0	0	0	0	0	708036	0	0	0	0	0	0	0	0	0	0	0	0	0	1772847	0	0	0	0	0	0	0	0	0	0	0	47238425	0
LFQ	11	0	0	0	0	0	0	0	0	0	0	0	566385	0	0	0	0	0	0	0	0	0	0	0	0	0	1505095	0	0	0	0	0	0	0	0	0	0	0	47647828	0
LFQ	12	0	0	0	0	0	0	0	0	0	0	0	690405	0	0	0	0	0	0	0	0	0	0	0	0	0	1724866	0	0	0	0	0	0	0	0	0	0	0	47304037	0
LFQ	13	0	0	0	0	0	0	0	0	0	0	0	613262	0	0	0	0	0	0	0	0	0	0	0	0	0	1571465	0	0	0	0	0	0	0	0	0	0	0	47534581	0
LFQ	14	0	0	0	0	0	0	0	0	0	0	0	641805	0	0	0	0	0	0	0	0	0	0	0	0	0	1630645	0	0	0	0	0	0	0	0	0	0	0	47446858	0
LFQ	15	0	0	0	0	0	0	0	0	0	0	0	615468	0	0	0	0	0	0	0	0	0	0	0	0	0	1578765	0	0	0	0	0	0	0	0	0	0	0	47525075	0
LFQ	16	0	0	0	0	0	0	0	0	0	0	0	644412	0	0	0	0	0	0	0	0	0	0	0	0	0	1641029	0	0	0	0	0	0	0	0	0	0	0	47433867	0
LFQ	17	0	0	0	0	0	0	0	0	0	0	0	669259	0	0	0	0	0	0	0	0	0	0	0	0	0	1677725	0	0	0	0	0	0	0	0	0	0	0	47372324	0
LFQ	18	0	0	0	0	0	0	0	0	0	0	0	680326	0	0	0	0	0	0	0	0	0	0	0	0	0	1686314	0	0	0	0	0	0	0	0	0	0	0	47352668	0
LFQ	19	0	0	0	0	0	0	0	0	0	0	0	663271	0	0	0	0	0	0	0	0	0	0	0	0	0	1644505	0	0	0	0	0	0	0	0	0	0	0	47411532	0
LFQ	20	0	0	0	0	0	0	0	0	0	0	0	670518	0	0	0	0	0	0	0	0	0	0	0	0	0	1662526	0	0	0	0	0	0	0	0	0	0	0	47386264	0
LFQ	21	0	0	0	0	0	0	0	0	0	0	0	679104	0	0	0	0	0	0	0	0	0	0	0	0	0	1677763	0	0	0	0	0	0	0	0	0	0	0	47362441	0
LFQ	22	0	0	0	0	0	0	0	0	0	0	0	674569	0	0	0	0	0	0	0	0	0	0	0	0	0	1674443	0	0	0	0	0	0	0	0	0	0	0	47370296	0
LFQ	23	0	0	0	0	0	0	0	0	0	0	0	661540	0	0	0	0	0	0	0	0	0	0	0	0	0	1666565	0	0	0	0	0	0	0	0	0	0	0	47391203	0
LFQ	24	0	0	0	0	0	0	0	0	0	0	0	716796	0	0	0	0	0	0	0	0	0	0	0	0	0	1762454	0	0	0	0	0	0	0	0	0	0	0	47240058	0
LFQ	25	0	0	0	0	0	0	0	0	0	0	0	703937	0	0	0	0	0	0	0	0	0	0	0	0	0	1731892	0	0	0	0	0	0	0	0	0	0	0	47283479	0
LFQ	26	0	0	0	0	0	0	0	0	0	0	0	684544	0	0	0	0	0	0	0	0	0	0	0	0	0	1710714	0	0	0	0	0	0	0	0	0	0	0	47324050	0
LFQ	27	0	0	0	0	0	0	0	0	0	0	0	694139	0	0	0	0	0	0	0	0	0	0	0	0	0	1705339	0	0	0	0	0	0	0	0	0	0	0	47319830	0
LFQ	28	0	0	0	0	0	0	0	0	0	0	0	708829	0	0	0	0	0	0	0	0	0	0	0	0	0	1739251	0	0	0	0	0	0	0	0	0	0	0	47271228	0
LFQ	29	0	0	0	0	0	0	0	0	0	0	0	697534	0	0	0	0	0	0	0	0	0	0	0	0	0	1721523	0	0	0	0	0	0	0	0	0	0	0	47300251	0
LFQ	30	0	0	0	0	0	0	0	0	0	0	0	790309	0	0	0	0	0	0	0	0	0	0	0	0	0	1867182	0	0	0	0	0	0	0	0	0	0	0	47061817	0
# GC Content of first fragments. Use `grep ^GCF | cut -f 2-` to extract this part.
GCF	1.51	3465
GCF	4.77	8625
GCF	8.04	24499
GCF	11.31	67464
GCF	14.82	169333
GCF	18.09	384347
GCF	21.36	751223
GCF	24.87	1302255
GCF	28.14	2019810
GCF	31.41	2795059
GCF	34.67	3506867
GCF	37.94	4034172
GCF	41.46	4300688
GCF	44.72	4326526
GCF	47.99	4198975
GCF	51.51	3999657
GCF	54.77	3722385
GCF	58.04	3357359
GCF	61.56	2848177
GCF	64.82	2250748
GCF	68.09	1698382
GCF	71.36	1267567
GCF	74.62	945456
GCF	78.14	704105
GCF	81.41	500678
GCF	84.67	330557
GCF	88.19	191096
GCF	91.46	93840
GCF	94.72	36639
GCF	98.24	10794
# GC Content of last fragments. Use `grep ^GCL | cut -f 2-` to extract this part.
GCL	1.51	3202
GCL	4.77	8343
GCL	8.04	24566
GCL	11.31	68373
GCL	14.82	173463
GCL	18.09	390847
GCL	21.36	762910
GCL	24.87	1315749
GCL	28.14	2037488
GCL	31.41	2810073
GCL	34.67	3517952
GCL	37.94	4037173
GCL	41.46	4291624
GCL	44.72	4314385
GCL	47.99	4179093
GCL	51.51	3979320
GCL	54.77	3701583
GCL	58.04	3336326
GCL	61.56	2824541
GCL	64.82	2232717
GCL	68.09	1682510
GCL	71.36	1255707
GCL	74.62	935385
GCL	78.14	692513
GCL	81.41	490623
GCL	84.67	325426
GCL	88.19	186925
GCL	91.46	91383
GCL	94.72	36295
GCL	98.24	10562
# ACGT content per cycle. Use `grep ^GCC | cut -f 2-` to extract this part. The columns are: cycle; A,C,G,T base counts as a percentage of all A/C/G/T bases [%]; and N and O counts as a percentage of all A/C/G/T bases [%]
GCC	1	17.03	33.19	32.80	16.98	0.01	0.00
GCC	2	27.80	22.40	22.08	27.73	0.00	0.00
GCC	3	26.88	23.30	23.00	26.81	0.00	0.00
GCC	4	26.22	23.94	23.66	26.17	0.00	0.00
GCC	5	36.44	13.69	13.47	36.40	0.00	0.00
GCC	6	26.26	23.91	23.63	26.20	0.00	0.00
GCC	7	26.80	23.39	23.09	26.72	0.00	0.00
GCC	8	27.59	22.61	22.28	27.52	0.00	0.00
GCC	9	18.16	32.04	31.68	18.12	0.00	0.00
GCC	10	34.43	15.74	15.48	34.36	0.00	0.00
GCC	11	23.69	26.49	26.19	23.63	0.00	0.00
GCC	12	30.07	20.11	19.83	30.00	0.00	0.00
GCC	13	24.71	25.47	25.18	24.64	0.00	0.00
GCC	14	24.90	25.27	24.98	24.85	0.00	0.00
GCC	15	26.25	23.94	23.64	26.17	0.00	0.00
GCC	16	26.39	23.78	23.50	26.33	0.00	0.00
GCC	17	26.93	23.24	22.96	26.87	0.00	0.00
GCC	18	27.08	23.11	22.82	27.00	0.00	0.00
GCC	19	26.95	23.23	22.95	26.88	0.00	0.00
GCC	20	26.86	23.30	23.04	26.79	0.00	0.00
GCC	21	26.44	23.72	23.46	26.37	0.00	0.00
GCC	22	26.63	23.55	23.26	26.56	0.00	0.00
GCC	23	26.41	23.77	23.48	26.34	0.00	0.00
GCC	24	26.58	23.58	23.31	26.53	0.00	0.00
GCC	25	26.55	23.62	23.36	26.47	0.00	0.00
GCC	26	26.61	23.55	23.28	26.55	0.00	0.00
GCC	27	26.76	23.41	23.14	26.69	0.00	0.00
GCC	28	26.95	23.22	22.95	26.88	0.00	0.00
GCC	29	27.01	23.17	22.89	26.93	0.00	0.00
GCC	30	26.93	23.25	22.97	26.85	0.00	0.00
# ACGT content per cycle, read oriented. Use `grep ^GCT | cut -f 2-` to extract this part. The columns are: cycle; A,C,G,T base counts as a percentage of all A/C/G/T bases [%]
GCT	1	22.93	24.31	41.69	11.08
GCT	2	23.02	25.09	19.38	32.51
GCT	3	22.88	27.81	18.49	30.81
GCT	4	15.96	33.99	13.62	36.43
GCT	5	36.71	13.54	13.62	36.13
GCT	6	36.69	13.78	33.76	15.77
GCT	7	31.09	18.73	27.76	22.43
GCT	8	32.55	20.04	24.85	22.56
GCT	9	12.68	40.18	23.53	23.61
GCT	10	29.78	19.45	11.77	39.01
GCT	11	22.70	19.08	33.60	24.62
GCT	12	26.89	22.05	17.89	33.17
GCT	13	23.27	23.51	27.14	26.08
GCT	14	22.37	30.40	19.85	27.37
GCT	15	29.80	23.46	24.12	22.62
GCT	16	28.46	23.27	24.02	24.26
GCT	17	27.64	23.50	22.70	26.16
GCT	18	27.33	23.27	22.65	26.75
GCT	19	27.00	23.39	22.78	26.83
GCT	20	27.09	23.00	23.35	26.56
GCT	21	26.68	23.75	23.43	26.13
GCT	22	26.72	23.65	23.15	26.47
GCT	23	26.65	23.72	23.54	26.10
GCT	24	26.77	23.42	23.47	26.34
GCT	25	26.93	23.39	23.59	26.09
GCT	26	26.66	23.58	23.25	26.51
GCT	27	26.63	23.59	22.96	26.82
GCT	28	26.86	23.30	22.88	26.96
GCT	29	26.92	23.17	22.90	27.02
GCT	30	27.14	23.04	23.18	26.64
# ACGT content per cycle for first fragments. Use `grep ^FBC | cut -f 2-` to extract this part. The columns are: cycle; A,C,G,T base counts as a percentage of all A/C/G/T bases [%]; and N and O counts as a percentage of all A/C/G/T bases [%]
FBC	1	16.90	33.33	32.92	16.85	0.01	0.00
FBC	2	27.80	22.40	22.09	27.72	0.00	0.00
FBC	3	26.84	23.35	23.05	26.76	0.00	0.00
FBC	4	26.20	23.97	23.69	26.14	0.00	0.00
FBC	5	36.42	13.72	13.49	36.37	0.00	0.00
FBC	6	26.26	23.92	23.63	26.20	0.00	0.00
FBC	7	26.77	23.42	23.12	26.69	0.00	0.00
FBC	8	27.56	22.63	22.30	27.51	0.00	0.00
FBC	9	18.10	32.10	31.75	18.05	0.00	0.00
FBC	10	34.47	15.69	15.44	34.40	0.00	0.00
FBC	11	23.64	26.53	26.24	23.59	0.00	0.00
FBC	12	30.02	20.14	19.87	29.97	0.00	0.00
FBC	13	24.68	25.50	25.22	24.61	0.00	0.00
FBC	14	24.85	25.31	25.02	24.82	0.00	0.00
FBC	15	26.23	23.96	23.66	26.15	0.00	0.00
FBC	16	26.37	23.79	23.53	26.31	0.00	0.00
FBC	17	26.92	23.26	22.98	26.85	0.00	0.00
FBC	18	27.05	23.13	22.84	26.98	0.00	0.00
FBC	19	26.93	23.25	22.96	26.86	0.00	0.00
FBC	20	26.85	23.31	23.06	26.78	0.00	0.00
FBC	21	26.44	23.72	23.47	26.37	0.00	0.00
FBC	22	26.62	23.56	23.28	26.54	0.00	0.00
FBC	23	26.39	23.79	23.51	26.31	0.00	0.00
FBC	24	26.56	23.60	23.35	26.50	0.00	0.00
FBC	25	26.52	23.65	23.39	26.45	0.00	0.00
FBC	26	26.59	23.57	23.30	26.54	0.00	0.00
FBC	27	26.75	23.42	23.15	26.68	0.00	0.00
FBC	28	26.94	23.23	22.96	26.87	0.00	0.00
FBC	29	27.01	23.18	22.89	26.93	0.00	0.00
FBC	30	26.92	23.26	22.97	26.85	0.00	0.00
# ACGT raw counters for first fragments. Use `grep ^FTC | cut -f 2-` to extract this part. The columns are: A,C,G,T,N base counters
FTC	397622422	352785047	348520206	396650250	8445
# ACGT content per cycle for last fragments. Use `grep ^LBC | cut -f 2-` to extract this part. The columns are: cycle; A,C,G,T base counts as a percentage of all A/C/G/T bases [%]; and N and O counts as a percentage of all A/C/G/T bases [%]
LBC	1	17.15	33.06	32.68	17.11	0.00	0.00
LBC	2	27.81	22.39	22.06	27.74	0.00	0.00
LBC	3	26.93	23.26	22.95	26.86	0.00	0.00
LBC	4	26.25	23.91	23.63	26.20	0.00	0.00
LBC	5	36.47	13.66	13.45	36.42	0.00	0.00
LBC	6	26.26	23.91	23.63	26.21	0.00	0.00
LBC	7	26.83	23.36	23.07	26.74	0.00	0.00
LBC	8	27.62	22.58	22.27	27.54	0.00	0.00
LBC	9	18.23	31.98	31.61	18.19	0.00	0.00
LBC	10	34.39	15.78	15.52	34.32	0.00	0.00
LBC	11	23.73	26.45	26.14	23.68	0.00	0.00
LBC	12	30.11	20.07	19.80	30.02	0.00	0.00
LBC	13	24.75	25.44	25.15	24.66	0.00	0.00
LBC	14	24.94	25.24	24.95	24.88	0.00	0.00
LBC	15	26.27	23.92	23.63	26.19	0.00	0.00
LBC	16	26.41	23.77	23.47	26.34	0.00	0.00
LBC	17	26.95	23.22	22.94	26.89	0.00	0.00
LBC	18	27.10	23.09	22.79	27.02	0.00	0.00
LBC	19	26.98	23.21	22.93	26.89	0.00	0.00
LBC	20	26.88	23.29	23.03	26.80	0.00	0.00
LBC	21	26.45	23.72	23.46	26.37	0.00	0.00
LBC	22	26.64	23.53	23.24	26.58	0.00	0.00
LBC	23	26.44	23.74	23.46	26.36	0.00	0.00
LBC	24	26.60	23.56	23.27	26.57	0.00	0.00
LBC	25	26.58	23.59	23.33	26.50	0.00	0.00
LBC	26	26.63	23.53	23.27	26.57	0.00	0.00
LBC	27	26.77	23.40	23.12	26.70	0.00	0.00
LBC	28	26.95	23.22	22.94	26.89	0.00	0.00
LBC	29	27.01	23.17	22.89	26.93	0.00	0.00
LBC	30	26.93	23.24	22.97	26.85	0.00	0.00
# ACGT raw counters for last fragments. Use `grep ^LTC | cut -f 2-` to extract this part. The columns are: A,C,G,T,N base counters
LTC	397278037	351161060	346860531	396279612	0
# Insert sizes. Use `grep ^IS | cut -f 2-` to extract this part. The columns are: insert size, pairs total, inward oriented pairs, outward oriented pairs, other pairs
IS	0	1	0	1	0
IS	1	7	0	6	1
IS	2	113	0	108	5
IS	3	91	0	89	2
IS	4	159	0	158	1
IS	5	114	0	111	3
IS	6	109	0	108	1
IS	7	155	0	155	0
IS	8	197	0	194	3
IS	9	5395	0	5391	4
IS	10	242	0	236	6
IS	11	145	0	139	6
IS	12	109	0	107	2
IS	13	89	0	89	0
IS	14	156	0	154	2
IS	15	139	0	124	15
IS	16	144	0	140	4
IS	17	175	0	173	2
IS	18	210	0	202	8
IS	19	1193	818	367	8
IS	20	755	548	204	3
IS	21	645	448	188	9
IS	22	688	511	175	2
IS	23	965	783	169	13
IS	24	1340	1114	224	2
IS	25	1379	1170	196	13
IS	26	2236	1654	570	12
IS	27	2381	1796	573	12
IS	28	3048	1974	1053	21
IS	29	3152	415	2698	39
IS	30	2842	2808	3	31
IS	31	3434	3401	4	29
IS	32	5930	5875	3	52
IS	33	10735	10669	8	58
IS	34	21631	21565	8	58
IS	35	46555	46486	5	64
IS	36	82546	82468	14	64
IS	37	107330	107264	5	61
IS	38	127537	127477	3	57
IS	39	144189	144117	1	71
IS	40	157965	157911	2	52
IS	41	182474	182422	4	48
IS	42	225019	224950	1	68
IS	43	293578	293497	2	79
IS	44	362828	362755	7	66
IS	45	405898	405821	7	70
IS	46	407637	407575	5	57
IS	47	379894	379834	5	55
IS	48	341860	341807	4	49
IS	49	309403	309352	3	48
IS	50	281464	281397	4	63
IS	51	263028	262988	2	38
IS	52	262410	262354	2	54
IS	53	280447	280391	5	51
IS	54	310568	310525	1	42
IS	55	333252	333188	6	58
IS	56	335406	335371	1	34
IS	57	320409	320366	0	43
IS	58	296129	296063	9	57
IS	59	268602	268558	5	39
IS	60	244105	244065	2	38
IS	61	224074	224022	3	49
IS	62	215262	215210	3	49
IS	63	218326	218282	2	42
IS	64	230278	230232	3	43
IS	65	240086	240048	2	36
IS	66	243143	243093	4	46
IS	67	237946	237910	3	33
IS	68	224802	224759	4	39
IS	69	212162	212116	4	42
IS	70	196383	196356	2	25
IS	71	185422	185392	0	30
IS	72	174932	174889	3	40
IS	73	172086	172046	1	39
IS	74	172886	172842	4	40
IS	75	176284	176241	0	43
IS	76	179318	179282	4	32
IS	77	176578	176542	4	32
IS	78	172443	172402	2	39
IS	79	164780	164751	2	27
IS	80	156196	156164	0	32
IS	81	148398	148376	0	22
IS	82	140756	140728	2	26
IS	83	135425	135387	6	32
IS	84	134107	134076	2	29
IS	85	133784	133764	0	20
IS	86	133873	133841	1	31
IS	87	132827	132808	1	18
IS	88	130185	130167	1	17
IS	89	126912	126886	1	25
IS	90	121826	121796	0	30
IS	91	116750	116715	2	33
IS	92	111400	111373	5	22
IS	93	107783	107756	0	27
IS	94	105123	105094	1	28
IS	95	103625	103600	4	21
IS	96	102327	102297	3	27
IS	97	100653	100637	1	15
IS	98	99216	99204	2	10
IS	99	97666	97638	2	26
IS	100	95319	95295	1	23
IS	101	92521	92504	0	17
IS	102	88885	88857	3	25
IS	103	85612	85588	1	23
IS	104	82769	82754	3	12
IS	105	81396	81373	1	22
IS	106	80034	80013	0	21
IS	107	79335	79313	3	19
IS	108	77614	77597	2	15
IS	109	75905	75880	3	22
IS	110	74967	74949	1	17
IS	111	73174	73158	3	13
IS	112	70892	70871	1	20
IS	113	69610	69591	1	18
IS	114	68303	68283	1	19
IS	115	66814	66795	4	15
IS	116	65234	65214	1	19
IS	117	64936	64920	3	13
IS	118	63500	63480	2	18
IS	119	62214	62196	5	13
IS	120	60929	60909	1	19
IS	121	59006	58997	1	8
IS	122	58571	58555	1	15
IS	123	58985	58968	0	17
IS	124	60764	60748	2	14
IS	125	60993	60982	1	10
IS	126	60395	60380	1	14
IS	127	62659	62636	2	21
IS	128	61288	61267	2	19
IS	129	56899	56881	4	14
IS	130	54835	54815	5	15
IS	131	52466	52453	5	8
IS	132	50676	50664	2	10
IS	133	50156	50145	2	9
IS	134	52643	52631	2	10
IS	135	56978	56962	1	15
IS	136	67165	67148	0	17
IS	137	85442	85428	1	13
IS	138	92368	92354	2	12
IS	139	77752	77736	2	14
IS	140	65951	65928	2	21
IS	141	59736	59723	1	12
IS	142	53445	53431	3	11
IS	143	50308	50292	2	14
IS	144	50954	50940	2	12
IS	145	55313	55294	1	18
IS	146	66521	66508	3	10
IS	147	86766	86752	0	14
IS	148	103136	103125	4	7
IS	149	104744	104726	5	13
IS	150	102068	102053	3	12
IS	151	96121	96099	3	19
IS	152	83127	83107	5	15
IS	153	74595	74585	1	9
IS	154	73094	73076	3	15
IS	155	78402	78390	2	10
IS	156	90780	90760	4	16
IS	157	110926	110914	1	11
IS	158	126696	126678	7	11
IS	159	127776	127760	10	6
IS	160	122043	122029	4	10
IS	161	117782	117763	3	16
IS	162	118851	118837	5	9
IS	163	127631	127618	7	6
IS	164	144091	144077	4	10
IS	165	170434	170424	2	8
IS	166	200521	200507	1	13
IS	167	219845	219827	3	15
IS	168	210405	210397	2	6
IS	169	187949	187935	4	10
IS	170	171012	170997	3	12
IS	171	164321	164300	4	17
IS	172	168534	168524	2	8
IS	173	183106	183096	3	7
IS	174	208231	208225	0	6
IS	175	234968	234952	3	13
IS	176	252793	252781	4	8
IS	177	254023	254012	2	9
IS	178	236876	236867	2	7
IS	179	213480	213474	0	6
IS	180	193528	193515	2	11
IS	181	183819	183805	7	7
IS	182	183501	183486	3	12
IS	183	192819	192809	1	9
IS	184	206442	206422	4	16
IS	185	223044	223027	4	13
IS	186	236733	236725	3	5
IS	187	241885	241872	6	7
IS	188	238896	238882	4	10
IS	189	229255	229240	3	12
IS	190	217299	217290	2	7
IS	191	209933	209920	3	10
IS	192	207920	207907	5	8
IS	193	213247	213234	2	11
IS	194	221253	221240	3	10
IS	195	232003	231997	2	4
IS	196	238407	238398	2	7
IS	197	241655	241645	6	4
IS	198	241067	241052	8	7
IS	199	237650	237635	5	10
IS	200	233440	233429	5	6
IS	201	226756	226750	3	3
IS	202	224983	224974	3	6
IS	203	225445	225435	6	4
IS	204	228359	228350	6	3
IS	205	230672	230664	1	7
IS	206	234963	234958	1	4
IS	207	235909	235897	2	10
IS	208	236092	236085	0	7
IS	209	234602	234593	4	5
IS	210	232539	232536	1	2
IS	211	231017	231010	0	7
IS	212	227910	227906	1	3
IS	213	224784	224777	2	5
IS	214	222374	222366	0	8
IS	215	219994	219983	1	10
IS	216	220242	220233	2	7
IS	217	217100	217095	0	5
IS	218	216371	216364	1	6
IS	219	214650	214643	3	4
IS	220	213872	213863	2	7
IS	221	211212	211205	2	5
IS	222	207657	207654	2	1
IS	223	204403	204394	3	6
IS	224	199346	199340	1	5
IS	225	195145	195137	1	7
IS	226	191063	191060	1	2
IS	227	188982	188974	1	7
IS	228	186918	186912	2	4
IS	229	184303	184297	2	4
IS	230	183695	183688	1	6
IS	231	181400	181399	1	0
IS	232	178653	178649	2	2
IS	233	174089	174083	0	6
IS	234	170105	170098	1	6
IS	235	165813	165810	2	1
IS	236	159867	159863	0	4
IS	237	156460	156455	1	4
IS	238	152376	152371	1	4
IS	239	150071	150066	1	4
IS	240	146683	146676	2	5
IS	241	144501	144495	2	4
IS	242	142629	142623	2	4
IS	243	138859	138856	0	3
IS	244	135897	135894	0	3
IS	245	131758	131756	1	1
IS	246	127293	127288	1	4
IS	247	122559	122554	1	4
IS	248	119503	119498	2	3
IS	249	116595	116592	0	3
IS	250	113391	113384	0	7
IS	251	111341	111338	0	3
IS	252	109003	108997	0	6
IS	253	107201	107198	1	2
IS	254	103862	103858	1	3
IS	255	101351	101345	2	4
IS	256	98005	98003	0	2
IS	257	94237	94229	2	6
IS	258	91707	91704	0	3
IS	259	88157	88149	1	7
IS	260	86455	86449	4	2
IS	261	83776	83775	1	0
IS	262	81339	81334	1	4
IS	263	79771	79767	0	4
IS	264	77610	77605	3	2
IS	265	75969	75966	1	2
IS	266	73744	73740	0	4
IS	267	71423	71420	1	2
IS	268	69521	69519	0	2
IS	269	66971	66968	2	1
IS	270	65339	65335	1	3
IS	271	63491	63489	1	1
IS	272	61063	61061	0	2
IS	273	60014	60014	0	0
IS	274	58843	58842	0	1
IS	275	57890	57889	0	1
IS	276	56386	56384	1	1
IS	277	54695	54694	0	1
IS	278	52823	52819	0	4
IS	279	51615	51610	1	4
IS	280	50102	50095	1	6
IS	281	49198	49192	1	5
IS	282	47375	47371	1	3
IS	283	46647	46643	0	4
IS	284	45582	45580	1	1
IS	285	44908	44903	2	3
IS	286	44117	44117	0	0
IS	287	43785	43779	0	6
IS	288	43017	43013	2	2
IS	289	41975	41972	0	3
IS	290	40982	40981	0	1
IS	291	40504	40501	1	2
IS	292	39333	39329	1	3
IS	293	38345	38339	3	3
IS	294	37873	37870	0	3
IS	295	37463	37458	0	5
IS	296	37273	37271	2	0
IS	297	37058	37054	0	4
IS	298	37251	37247	0	4
IS	299	37368	37363	1	4
IS	300	36740	36740	0	0
IS	301	36145	36143	0	2
IS	302	35531	35527	1	3
IS	303	34571	34566	1	4
IS	304	34111	34107	2	2
IS	305	33776	33774	2	0
IS	306	33766	33761	0	5
IS	307	34177	34174	1	2
IS	308	34897	34894	0	3
IS	309	34915	34914	0	1
IS	310	35312	35307	2	3
IS	311	35531	35527	1	3
IS	312	35081	35079	0	2
IS	313	34001	33998	0	3
IS	314	33957	33954	1	2
IS	315	33841	33838	1	2
IS	316	33596	33590	2	4
IS	317	34256	34253	2	1
IS	318	34964	34960	2	2
IS	319	35382	35379	1	2
IS	320	36028	36027	1	0
IS	321	36461	36457	2	2
IS	322	36550	36548	0	2
IS	323	36277	36275	0	2
IS	324	35648	35646	0	2
IS	325	36235	36231	2	2
IS	326	36199	36196	2	1
IS	327	36442	36437	2	3
IS	328	37289	37284	3	2
IS	329	38265	38259	3	3
IS	330	39024	39022	1	1
IS	331	39409	39405	3	1
IS	332	40255	40251	1	3
IS	333	40592	40589	2	1
IS	334	40540	40534	4	2
IS	335	40946	40946	0	0
IS	336	40978	40974	0	4
IS	337	41412	41409	2	1
IS	338	41735	41734	0	1
IS	339	42941	42938	1	2
IS	340	44095	44090	3	2
IS	341	44913	44912	0	1
IS	342	45377	45374	2	1
IS	343	46054	46048	3	3
IS	344	46695	46688	2	5
IS	345	47262	47258	1	3
IS	346	47592	47587	1	4
IS	347	47636	47631	5	0
IS	348	48562	48559	2	1
IS	349	48713	48711	1	1
IS	350	49580	49577	1	2
IS	351	50834	50832	0	2
IS	352	51858	51857	0	1
IS	353	52773	52770	2	1
IS	354	53024	53020	1	3
IS	355	54235	54232	2	1
IS	356	54212	54210	0	2
IS	357	55034	55028	1	5
IS	358	55222	55216	3	3
IS	359	55895	55892	2	1
IS	360	55838	55836	0	2
IS	361	57052	57050	0	2
IS	362	57139	57136	1	2
IS	363	58599	58598	0	1
IS	364	59564	59561	0	3
IS	365	60268	60263	0	5
IS	366	61082	61081	1	0
IS	367	61375	61370	2	3
IS	368	61738	61738	0	0
IS	369	62209	62207	1	1
IS	370	62362	62360	2	0
IS	371	62748	62744	2	2
IS	372	63741	63738	1	2
IS	373	63758	63757	1	0
IS	374	64296	64296	0	0
IS	375	65065	65063	1	1
IS	376	65977	65975	1	1
IS	377	66857	66854	2	1
IS	378	67053	67049	2	2
IS	379	67235	67230	2	3
IS	380	67763	67759	3	1
IS	381	67714	67708	1	5
IS	382	68073	68072	0	1
IS	383	67712	67710	0	2
IS	384	68420	68416	3	1
IS	385	68678	68677	1	0
IS	386	69018	69014	1	3
IS	387	68890	68889	0	1
IS	388	69579	69577	0	2
IS	389	69532	69530	1	1
IS	390	70260	70259	1	0
IS	391	70118	70114	0	4
IS	392	69931	69926	4	1
IS	393	69762	69759	3	0
IS	394	69470	69470	0	0
IS	395	69521	69520	0	1
IS	396	69515	69511	1	3
IS	397	68457	68456	0	1
IS	398	69039	69035	0	4
IS	399	69393	69392	0	1
IS	400	68620	68620	0	0
IS	401	68679	68677	1	1
IS	402	68199	68196	0	3
IS	403	67942	67938	2	2
IS	404	67811	67809	1	1
IS	405	66927	66926	1	0
IS	406	66548	66543	3	2
IS	407	66548	66544	3	1
IS	408	65325	65321	3	1
IS	409	64974	64973	0	1
IS	410	64600	64600	0	0
IS	411	64195	64194	1	0
IS	412	63291	63290	0	1
IS	413	63119	63119	0	0
IS	414	62187	62186	1	0
IS	415	61166	61164	2	0
IS	416	61355	61355	0	0
IS	417	60290	60288	1	1
IS	418	59126	59124	1	1
IS	419	58172	58171	0	1
IS	420	57835	57832	2	1
IS	421	56690	56690	0	0
IS	422	55928	55926	1	1
IS	423	55383	55380	1	2
IS	424	54699	54698	0	1
IS	425	53391	53387	3	1
IS	426	52706	52706	0	0
IS	427	52042	52041	1	0
IS	428	51042	51040	2	0
IS	429	49956	49954	0	2
IS	430	49080	49079	0	1
IS	431	48147	48145	0	2
IS	432	47474	47472	1	1
IS	433	46981	46979	0	2
IS	434	46033	46031	0	2
IS	435	45285	45283	0	2
IS	436	43891	43889	1	1
IS	437	43511	43509	0	2
IS	438	42152	42150	0	2
IS	439	41591	41591	0	0
IS	440	40525	40520	1	4
IS	441	39517	39517	0	0
IS	442	38698	38695	0	3
IS	443	38087	38085	0	2
IS	444	37167	37164	2	1
IS	445	36388	36387	1	0
IS	446	35794	35793	1	0
IS	447	35527	35526	1	0
IS	448	34268	34267	1	0
IS	449	33570	33569	1	0
IS	450	32762	32761	1	0
IS	451	32193	32192	0	1
IS	452	31503	31501	1	1
IS	453	30634	30634	0	0
IS	454	29888	29888	0	0
IS	455	29560	29560	0	0
IS	456	28647	28647	0	0
IS	457	27833	27831	1	1
IS	458	27226	27225	0	1
IS	459	26695	26692	0	3
IS	460	25922	25921	0	1
IS	461	25575	25572	2	1
IS	462	24901	24899	2	0
IS	463	24428	24427	0	1
IS	464	24193	24191	2	0
IS	465	23290	23290	0	0
IS	466	23039	23037	1	1
IS	467	22550	22550	0	0
IS	468	22177	22176	0	1
IS	469	21582	21582	0	0
IS	470	21318	21315	0	3
IS	471	20738	20738	0	0
IS	472	20569	20569	0	0
IS	473	20076	20074	2	0
IS	474	19730	19729	0	1
IS	475	19335	19333	1	1
IS	476	19054	19052	1	1
IS	477	18696	18696	0	0
IS	478	18775	18771	2	2
IS	479	18071	18071	0	0
IS	480	18129	18128	0	1
IS	481	17697	17696	1	0
IS	482	17363	17363	0	0
IS	483	17165	17162	2	1
IS	484	17338	17336	2	0
IS	485	16986	16986	0	0
IS	486	16653	16651	1	1
IS	487	16307	16304	1	2
IS	488	16516	16516	0	0
IS	489	16139	16138	0	1
IS	490	15857	15854	0	3
IS	491	15966	15966	0	0
IS	492	15923	15922	0	1
IS	493	15812	15811	0	1
IS	494	15630	15629	1	0
IS	495	15662	15661	0	1
IS	496	15396	15393	1	2
IS	497	15449	15448	1	0
IS	498	15444	15443	1	0
IS	499	15314	15314	0	0
IS	500	15472	15472	0	0
IS	501	15059	15059	0	0
IS	502	15021	15020	1	0
IS	503	15154	15154	0	0
IS	504	15316	15316	0	0
IS	505	15110	15106	3	1
IS	506	15007	15004	2	1
IS	507	15267	15267	0	0
IS	508	15088	15088	0	0
IS	509	15413	15412	0	1
IS	510	15420	15418	1	1
IS	511	15380	15377	0	3
IS	512	15523	15522	1	0
IS	513	15539	15539	0	0
IS	514	15446	15446	0	0
IS	515	15521	15521	0	0
IS	516	15663	15659	1	3
IS	517	15761	15759	0	2
IS	518	15949	15948	0	1
IS	519	15938	15937	0	1
IS	520	15978	15978	0	0
IS	521	15931	15930	1	0
IS	522	16367	16366	1	0
IS	523	16076	16075	0	1
IS	524	16340	16340	0	0
IS	525	16411	16408	1	2
IS	526	16269	16268	0	1
IS	527	16696	16695	0	1
IS	528	16692	16689	2	1
IS	529	16834	16832	1	1
IS	530	17211	17207	2	2
IS	531	17151	17149	1	1
IS	532	17146	17141	1	4
IS	533	17303	17303	0	0
IS	534	17279	17275	4	0
IS	535	17555	17555	0	0
IS	536	17528	17526	1	1
IS	537	17676	17674	2	0
IS	538	17708	17706	2	0
IS	539	17754	17753	1	0
IS	540	17927	17926	0	1
IS	541	18007	18004	3	0
IS	542	18435	18435	0	0
IS	543	18074	18073	0	1
IS	544	18679	18679	0	0
IS	545	18650	18648	1	1
IS	546	18336	18333	2	1
IS	547	18644	18643	1	0
IS	548	18518	18515	2	1
IS	549	18854	18853	1	0
IS	550	19051	19050	1	0
IS	551	18779	18778	0	1
IS	552	19027	19027	0	0
IS	553	19094	19094	0	0
IS	554	19069	19068	0	1
IS	555	19123	19123	0	0
IS	556	19246	19246	0	0
IS	557	19384	19383	0	1
IS	558	19677	19676	0	1
IS	559	19464	19462	1	1
IS	560	19505	19503	0	2
IS	561	19819	19819	0	0
IS	562	19631	19631	0	0
IS	563	19424	19424	0	0
IS	564	19790	19788	2	0
IS	565	19662	19662	0	0
IS	566	19998	19997	0	1
IS	567	19533	19531	0	2
IS	568	19614	19614	0	0
IS	569	19365	19364	0	1
IS	570	19711	19711	0	0
IS	571	19772	19772	0	0
IS	572	19912	19911	1	0
IS	573	19482	19482	0	0
IS	574	19360	19360	0	0
IS	575	19539	19539	0	0
IS	576	19548	19548	0	0
IS	577	19455	19454	1	0
IS	578	19515	19515	0	0
IS	579	19461	19461	0	0
IS	580	19482	19481	0	1
IS	581	19279	19277	2	0
IS	582	19047	19046	1	0
IS	583	19048	19048	0	0
IS	584	18905	18905	0	0
IS	585	18962	18960	2	0
IS	586	18873	18873	0	0
IS	587	18380	18379	0	1
IS	588	18559	18559	0	0
IS	589	18206	18204	2	0
IS	590	18136	18136	0	0
IS	591	18219	18219	0	0
IS	592	17771	17771	0	0
IS	593	17623	17623	0	0
IS	594	17319	17319	0	0
IS	595	17424	17423	0	1
IS	596	17148	17147	0	1
IS	597	17058	17058	0	0
IS	598	16711	16710	0	1
IS	599	16458	16456	1	1
IS	600	16390	16390	0	0
IS	601	16222	16221	1	0
IS	602	16012	16012	0	0
IS	603	15672	15672	0	0
IS	604	15527	15527	0	0
IS	605	15189	15189	0	0
IS	606	14979	14979	0	0
IS	607	14741	14741	0	0
IS	608	14490	14489	1	0
# Read lengths. Use `grep ^RL | cut -f 2-` to extract this part. The columns are: read length, count
RL	30	99572187
# Read lengths - first fragments. Use `grep ^FRL | cut -f 2-` to extract this part. The columns are: read length, count
FRL	30	49852879
# Read lengths - last fragments. Use `grep ^LRL | cut -f 2-` to extract this part. The columns are: read length, count
LRL	30	49719308
# Mapping qualities for reads !(UNMAP|SECOND|SUPPL|QCFAIL|DUP). Use `grep ^MAPQ | cut -f 2-` to extract this part. The columns are: mapq, count
MAPQ	30	1381513
MAPQ	31	101913
MAPQ	32	63406
MAPQ	33	175915
MAPQ	34	50673
MAPQ	35	42141
MAPQ	36	69851
MAPQ	37	88067
MAPQ	38	38476
MAPQ	39	188586
MAPQ	40	6192172
MAPQ	41	175044
MAPQ	42	160286
MAPQ	43	215598
MAPQ	44	138562
MAPQ	45	325868
MAPQ	46	170269
MAPQ	47	194863
MAPQ	48	256346
MAPQ	49	252360
MAPQ	50	167113
MAPQ	51	213987
MAPQ	52	182920
MAPQ	53	247737
MAPQ	54	312005
MAPQ	55	352902
MAPQ	56	189131
MAPQ	57	313417
MAPQ	58	236446
MAPQ	59	272717
MAPQ	60	86801903
# Indel distribution. Use `grep ^ID | cut -f 2-` to extract this part. The columns are: length, number of insertions, number of deletions
ID	1	53225	65630
ID	2	9522	12544
ID	3	2108	4448
ID	4	925	3913
ID	5	0	895
ID	6	0	101
ID	7	0	5
ID	8	0	9
# Indels per cycle. Use `grep ^IC | cut -f 2-` to extract this part. The columns are: cycle, number of insertions (fwd), .. (rev) , number of deletions (fwd), .. (rev)
IC	3	0	0	841	910
IC	4	740	896	1026	1034
IC	5	1035	1142	1074	1167
IC	6	1038	1104	1074	1075
IC	7	1186	1247	1185	1142
IC	8	1076	1131	1465	1545
IC	9	1257	1346	1850	1990
IC	10	1537	1620	1864	1986
IC	11	1362	1428	1983	1978
IC	12	1430	1436	2038	2165
IC	13	1332	1436	2022	2195
IC	14	1423	1519	2003	2081
IC	15	1469	1547	1966	2085
IC	16	1413	1425	1948	2063
IC	17	1375	1455	1911	2049
IC	18	1453	1435	1868	1967
IC	19	1390	1451	2032	2073
IC	20	1561	1707	1979	2089
IC	21	1736	1705	1980	2107
IC	22	1533	1630	2049	2218
IC	23	1539	1558	1972	2015
IC	24	1333	1407	1824	1963
IC	25	1352	1404	1757	1842
IC	26	1375	1260	1664	1725
IC	27	1351	1195	1370	1336
# Coverage distribution. Use `grep ^COV | cut -f 2-` to extract this part.
COV	[1-1]	1	754769419
COV	[2-2]	2	290158736
COV	[3-3]	3	108020609
COV	[4-4]	4	43977641
COV	[5-5]	5	20893166
COV	[6-6]	6	11651761
COV	[7-7]	7	7413684
COV	[8-8]	8	5190156
COV	[9-9]	9	3882615
COV	[10-10]	10	3046866
COV	[11-11]	11	2473962
COV	[12-12]	12	2056172
COV	[13-13]	13	1746373
COV	[14-14]	14	1502552
COV	[15-15]	15	1308121
COV	[16-16]	16	1144266
COV	[17-17]	17	1015222
COV	[18-18]	18	905340
COV	[19-19]	19	811748
COV	[20-20]	20	734518
COV	[21-21]	21	665495
COV	[22-22]	22	604939
COV	[23-23]	23	553350
COV	[24-24]	24	509200
COV	[25-25]	25	469473
COV	[26-26]	26	433335
COV	[27-27]	27	401332
COV	[28-28]	28	372305
COV	[29-29]	29	346891
COV	[30-30]	30	321894
COV	[31-31]	31	299167
COV	[32-32]	32	281434
COV	[33-33]	33	264499
COV	[34-34]	34	248071
COV	[35-35]	35	232948
COV	[36-36]	36	219513
COV	[37-37]	37	206711
COV	[38-38]	38	196828
COV	[39-39]	39	187064
COV	[40-40]	40	177718
COV	[41-41]	41	169318
COV	[42-42]	42	160827
COV	[43-43]	43	153214
COV	[44-44]	44	146653
COV	[45-45]	45	140444
COV	[46-46]	46	134637
COV	[47-47]	47	128179
COV	[48-48]	48	123025
COV	[49-49]	49	118362
COV	[50-50]	50	113893
COV	[51-51]	51	108731
COV	[52-52]	52	105208
COV	[53-53]	53	102302
COV	[54-54]	54	97542
COV	[55-55]	55	94466
COV	[56-56]	56	91472
COV	[57-57]	57	88047
COV	[58-58]	58	86395
COV	[59-59]	59	83263
COV	[60-60]	60	80375
COV	[61-61]	61	77580
COV	[62-62]	62	75200
COV	[63-63]	63	73053
COV	[64-64]	64	71642
COV	[65-65]	65	69509
COV	[66-66]	66	67461
COV	[67-67]	67	65934
COV	[68-68]	68	63377
COV	[69-69]	69	61828
COV	[70-70]	70	60166
COV	[71-71]	71	58372
COV	[72-72]	72	56577
COV	[73-73]	73	55015
COV	[74-74]	74	53664
COV	[75-75]	75	51965
COV	[76-76]	76	50779
COV	[77-77]	77	49475
COV	[78-78]	78	47868
COV	[79-79]	79	47355
COV	[80-80]	80	45666
COV	[81-81]	81	44241
COV	[82-82]	82	43493
COV	[83-83]	83	42337
COV	[84-84]	84	41124
COV	[85-85]	85	39606
COV	[86-86]	86	38728
COV	[87-87]	87	37963
COV	[88-88]	88	36561
COV	[89-89]	89	35802
COV	[90-90]	90	35035
COV	[91-91]	91	34160
COV	[92-92]	92	32859
COV	[93-93]	93	32182
COV	[94-94]	94	31599
COV	[95-95]	95	30613
COV	[96-96]	96	29906
COV	[97-97]	97	29206
COV	[98-98]	98	28249
COV	[99-99]	99	27037
COV	[100-100]	100	26672
COV	[101-101]	101	25914
COV	[102-102]	102	25359
COV	[103-103]	103	24617
COV	[104-104]	104	24068
COV	[105-105]	105	23404
COV	[106-106]	106	22370
COV	[107-107]	107	21788
COV	[108-108]	108	21150
COV	[109-109]	109	20357
COV	[110-110]	110	19863
COV	[111-111]	111	18975
COV	[112-112]	112	18998
COV	[113-113]	113	18510
COV	[114-114]	114	17868
COV	[115-115]	115	17158
COV	[116-116]	116	16816
COV	[117-117]	117	16416
COV	[118-118]	118	15770
COV	[119-119]	119	15193
COV	[120-120]	120	14703
COV	[121-121]	121	14647
COV	[122-122]	122	13978
COV	[123-123]	123	13518
COV	[124-124]	124	13145
COV	[125-125]	125	12481
COV	[126-126]	126	12521
COV	[127-127]	127	11704
COV	[128-128]	128	11678
COV	[129-129]	129	11083
COV	[130-130]	130	10900
COV	[131-131]	131	10543
COV	[132-132]	132	10243
COV	[133-133]	133	9904
COV	[134-134]	134	9584
COV	[135-135]	135	9291
COV	[136-136]	136	8871
COV	[137-137]	137	8643
COV	[138-138]	138	8295
COV	[139-139]	139	7950
COV	[140-140]	140	7859
COV	[141-141]	141	7543
COV	[142-142]	142	7312
COV	[143-143]	143	7140
COV	[144-144]	144	6836
COV	[145-145]	145	6729
COV	[146-146]	146	6344
COV	[147-147]	147	6138
COV	[148-148]	148	6035
COV	[149-149]	149	5723
COV	[150-150]	150	5446
COV	[151-151]	151	5247
COV	[152-152]	152	5234
COV	[153-153]	153	5086
COV	[154-154]	154	4812
COV	[155-155]	155	4634
COV	[156-156]	156	4642
COV	[157-157]	157	4405
COV	[158-158]	158	4153
COV	[159-159]	159	4000
COV	[160-160]	160	3853
COV	[161-161]	161	3727
COV	[162-162]	162	3619
COV	[163-163]	163	3460
COV	[164-164]	164	3360
COV	[165-165]	165	3131
COV	[166-166]	166	3184
COV	[167-167]	167	2998
COV	[168-168]	168	2864
COV	[169-169]	169	2777
COV	[170-170]	170	2691
COV	[171-171]	171	2559
COV	[172-172]	172	2480
COV	[173-173]	173	2418
COV	[174-174]	174	2288
COV	[175-175]	175	2177
COV	[176-176]	176	2170
COV	[177-177]	177	2155
COV	[178-178]	178	1981
COV	[179-179]	179	1947
COV	[180-180]	180	1870
COV	[181-181]	181	1855
COV	[182-182]	182	1753
COV	[183-183]	183	1823
COV	[184-184]	184	1648
COV	[185-185]	185	1631
COV	[186-186]	186	1531
COV	[187-187]	187	1516
COV	[188-188]	188	1399
COV	[189-189]	189	1386
COV	[190-190]	190	1331
COV	[191-191]	191	1286
COV	[192-192]	192	1322
COV	[193-193]	193	1251
COV	[194-194]	194	1191
COV	[195-195]	195	1175
COV	[196-196]	196	1167
COV	[197-197]	197	1076
COV	[198-198]	198	998
COV	[199-199]	199	1091
COV	[200-200]	200	962
COV	[201-201]	201	942
COV	[202-202]	202	878
COV	[203-203]	203	902
COV	[204-204]	204	837
COV	[205-205]	205	895
COV	[206-206]	206	819
COV	[207-207]	207	839
COV	[208-208]	208	769
COV	[209-209]	209	769
COV	[210-210]	210	758
COV	[211-211]	211	680
COV	[212-212]	212	696
COV	[213-213]	213	653
COV	[214-214]	214	621
COV	[215-215]	215	579
COV	[216-216]	216	641
COV	[217-217]	217	557
COV	[218-218]	218	526
COV	[219-219]	219	580
COV	[220-220]	220	530
COV	[221-221]	221	505
COV	[222-222]	222	464
COV	[223-223]	223	486
COV	[224-224]	224	475
COV	[225-225]	225	452
COV	[226-226]	226	437
COV	[227-227]	227	429
COV	[228-228]	228	432
COV	[229-229]	229	444
COV	[230-230]	230	393
COV	[231-231]	231	345
COV	[232-232]	232	360
COV	[233-233]	233	325
COV	[234-234]	234	306
COV	[235-235]	235	354
COV	[236-236]	236	303
COV	[237-237]	237	303
COV	[238-238]	238	334
COV	[239-239]	239	315
COV	[240-240]	240	316
COV	[241-241]	241	277
COV	[242-242]	242	237
COV	[243-243]	243	252
COV	[244-244]	244	274
COV	[245-245]	245	252
COV	[246-246]	246	250
COV	[247-247]	247	247
COV	[248-248]	248	225
COV	[249-249]	249	215
COV	[250-250]	250	206
COV	[251-251]	251	187
COV	[252-252]	252	185
COV	[253-253]	253	197
COV	[254-254]	254	175
COV	[255-255]	255	193
COV	[256-256]	256	179
COV	[257-257]	257	175
COV	[258-258]	258	211
COV	[259-259]	259	143
COV	[260-260]	260	162
COV	[261-261]	261	167
COV	[262-262]	262	169
COV	[263-263]	263	159
COV	[264-264]	264	133
COV	[265-265]	265	157
COV	[266-266]	266	145
COV	[267-267]	267	136
COV	[268-268]	268	119
COV	[269-269]	269	112
COV	[270-270]	270	145
COV	[271-271]	271	137
COV	[272-272]	272	129
COV	[273-273]	273	116
COV	[274-274]	274	141
COV	[275-275]	275	92
COV	[276-276]	276	113
COV	[277-277]	277	99
COV	[278-278]	278	101
COV	[279-279]	279	95
COV	[280-280]	280	107
COV	[281-281]	281	110
COV	[282-282]	282	118
COV	[283-283]	283	96
COV	[284-284]	284	112
COV	[285-285]	285	82
COV	[286-286]	286	109
COV	[287-287]	287	99
COV	[288-288]	288	112
COV	[289-289]	289	107
COV	[290-290]	290	53
COV	[291-291]	291	90
COV	[292-292]	292	94
COV	[293-293]	293	81
COV	[294-294]	294	72
COV	[295-295]	295	79
COV	[296-296]	296	82
COV	[297-297]	297	69
COV	[298-298]	298	79
COV	[299-299]	299	62
COV	[300-300]	300	68
COV	[301-301]	301	76
COV	[302-302]	302	80
COV	[303-303]	303	68
COV	[304-304]	304	68
COV	[305-305]	305	53
COV	[306-306]	306	75
COV	[307-307]	307	78
COV	[308-308]	308	41
COV	[309-309]	309	61
COV	[310-310]	310	61
COV	[311-311]	311	64
COV	[312-312]	312	52
COV	[313-313]	313	66
COV	[314-314]	314	49
COV	[315-315]	315	59
COV	[316-316]	316	72
COV	[317-317]	317	51
COV	[318-318]	318	71
COV	[319-319]	319	55
COV	[320-320]	320	43
COV	[321-321]	321	49
COV	[322-322]	322	59
COV	[323-323]	323	51
COV	[324-324]	324	41
COV	[325-325]	325	46
COV	[326-326]	326	44
COV	[327-327]	327	51
COV	[328-328]	328	57
COV	[329-329]	329	36
COV	[330-330]	330	29
COV	[331-331]	331	40
COV	[332-332]	332	36
COV	[333-333]	333	44
COV	[334-334]	334	42
COV	[335-335]	335	44
COV	[336-336]	336	28
COV	[337-337]	337	50
COV	[338-338]	338	31
COV	[339-339]	339	49
COV	[340-340]	340	31
COV	[341-341]	341	43
COV	[342-342]	342	36
COV	[343-343]	343	35
COV	[344-344]	344	28
COV	[345-345]	345	25
COV	[346-346]	346	26
COV	[347-347]	347	26
COV	[348-348]	348	29
COV	[349-349]	349	20
COV	[350-350]	350	29
COV	[351-351]	351	21
COV	[352-352]	352	15
COV	[353-353]	353	31
COV	[354-354]	354	25
COV	[355-355]	355	25
COV	[356-356]	356	26
COV	[357-357]	357	17
COV	[358-358]	358	24
COV	[359-359]	359	27
COV	[360-360]	360	23
COV	[361-361]	361	22
COV	[362-362]	362	17
COV	[363-363]	363	26
COV	[364-364]	364	22
COV	[365-365]	365	24
COV	[366-366]	366	23
COV	[367-367]	367	19
COV	[368-368]	368	16
COV	[369-369]	369	21
COV	[370-370]	370	21
COV	[371-371]	371	13
COV	[372-372]	372	18
COV	[373-373]	373	15
COV	[374-374]	374	12
COV	[375-375]	375	9
COV	[376-376]	376	25
COV	[377-377]	377	10
COV	[378-378]	378	24
COV	[379-379]	379	19
COV	[380-380]	380	19
COV	[381-381]	381	10
COV	[382-382]	382	12
COV	[383-383]	383	9
COV	[384-384]	384	17
COV	[385-385]	385	13
COV	[386-386]	386	16
COV	[387-387]	387	15
COV	[388-388]	388	25
COV	[389-389]	389	12
COV	[390-390]	390	17
COV	[391-391]	391	16
COV	[392-392]	392	9
COV	[393-393]	393	11
COV	[394-394]	394	13
COV	[395-395]	395	8
COV	[396-396]	396	15
COV	[397-397]	397	21
COV	[398-398]	398	12
COV	[399-399]	399	10
COV	[400-400]	400	11
COV	[401-401]	401	11
COV	[402-402]	402	6
COV	[403-403]	403	13
COV	[404-404]	404	9
COV	[405-405]	405	10
COV	[406-406]	406	15
COV	[407-407]	407	15
COV	[408-408]	408	13
COV	[409-409]	409	7
COV	[410-410]	410	12
COV	[411-411]	411	10
COV	[412-412]	412	14
COV	[413-413]	413	6
COV	[414-414]	414	12
COV	[415-415]	415	13
COV	[416-416]	416	9
COV	[417-417]	417	11
COV	[418-418]	418	9
COV	[419-419]	419	12
COV	[420-420]	420	13
COV	[421-421]	421	8
COV	[422-422]	422	8
COV	[423-423]	423	7
COV	[424-424]	424	6
COV	[425-425]	425	8
COV	[426-426]	426	5
COV	[427-427]	427	6
COV	[428-428]	428	6
COV	[429-429]	429	13
COV	[430-430]	430	10
COV	[431-431]	431	8
COV	[432-432]	432	6
COV	[433-433]	433	7
COV	[434-434]	434	8
COV	[435-435]	435	13
COV	[436-436]	436	12
COV	[437-437]	437	13
COV	[438-438]	438	8
COV	[439-439]	439	15
COV	[440-440]	440	9
COV	[441-441]	441	11
COV	[442-442]	442	10
COV	[443-443]	443	9
COV	[444-444]	444	7
COV	[445-445]	445	9
COV	[446-446]	446	6
COV	[447-447]	447	5
COV	[448-448]	448	3
COV	[449-449]	449	4
COV	[450-450]	450	5
COV	[451-451]	451	3
COV	[452-452]	452	9
COV	[453-453]	453	3
COV	[454-454]	454	5
COV	[455-455]	455	6
COV	[456-456]	456	5
COV	[457-457]	457	3
COV	[459-459]	459	5
COV	[460-460]	460	4
COV	[461-461]	461	4
COV	[462-462]	462	3
COV	[463-463]	463	3
COV	[464-464]	464	5
COV	[465-465]	465	3
COV	[466-466]	466	2
COV	[467-467]	467	1
COV	[468-468]	468	4
COV	[469-469]	469	6
COV	[470-470]	470	5
COV	[471-471]	471	2
COV	[472-472]	472	5
COV	[473-473]	473	1
COV	[474-474]	474	5
COV	[475-475]	475	1
COV	[476-476]	476	4
COV	[477-477]	477	4
COV	[478-478]	478	6
COV	[479-479]	479	5
COV	[480-480]	480	6
COV	[481-481]	481	4
COV	[482-482]	482	3
COV	[483-483]	483	2
COV	[484-484]	484	7
COV	[485-485]	485	2
COV	[486-486]	486	6
COV	[487-487]	487	6
COV	[488-488]	488	1
COV	[489-489]	489	1
COV	[490-490]	490	1
COV	[491-491]	491	6
COV	[492-492]	492	6
COV	[493-493]	493	5
COV	[494-494]	494	2
COV	[495-495]	495	4
COV	[496-496]	496	1
COV	[497-497]	497	3
COV	[498-498]	498	2
COV	[499-499]	499	2
COV	[500-500]	500	5
COV	[501-501]	501	3
COV	[502-502]	502	1
COV	[503-503]	503	2
COV	[504-504]	504	3
COV	[505-505]	505	2
COV	[506-506]	506	4
COV	[507-507]	507	6
COV	[508-508]	508	4
COV	[509-509]	509	5
COV	[510-510]	510	4
COV	[512-512]	512	4
COV	[513-513]	513	3
COV	[514-514]	514	3
COV	[515-515]	515	2
COV	[516-516]	516	1
COV	[517-517]	517	5
COV	[518-518]	518	5
COV	[519-519]	519	3
COV	[521-521]	521	6
COV	[522-522]	522	5
COV	[523-523]	523	3
COV	[524-524]	524	7
COV	[525-525]	525	7
COV	[526-526]	526	3
COV	[527-527]	527	6
COV	[528-528]	528	3
COV	[529-529]	529	1
COV	[530-530]	530	2
COV	[531-531]	531	4
COV	[532-532]	532	4
COV	[533-533]	533	4
COV	[534-534]	534	5
COV	[535-535]	535	2
COV	[536-536]	536	3
COV	[537-537]	537	6
COV	[538-538]	538	4
COV	[539-539]	539	2
COV	[540-540]	540	2
COV	[541-541]	541	4
COV	[542-542]	542	3
COV	[543-543]	543	3
COV	[544-544]	544	6
COV	[545-545]	545	5
COV	[546-546]	546	4
COV	[547-547]	547	3
COV	[548-548]	548	4
COV	[549-549]	549	6
COV	[550-550]	550	4
COV	[551-551]	551	4
COV	[552-552]	552	8
COV	[553-553]	553	6
COV	[554-554]	554	3
COV	[555-555]	555	8
COV	[556-556]	556	3
COV	[557-557]	557	5
COV	[558-558]	558	2
COV	[559-559]	559	5
COV	[560-560]	560	3
COV	[561-561]	561	4
COV	[562-562]	562	5
COV	[563-563]	563	5
COV	[564-564]	564	4
COV	[565-565]	565	4
COV	[566-566]	566	3
COV	[567-567]	567	5
COV	[568-568]	568	3
COV	[569-569]	569	4
COV	[570-570]	570	7
COV	[571-571]	571	4
COV	[573-573]	573	4
COV	[574-574]	574	5
COV	[575-575]	575	6
COV	[576-576]	576	3
COV	[577-577]	577	5
COV	[578-578]	578	2
COV	[579-579]	579	2
COV	[580-580]	580	4
COV	[581-581]	581	7
COV	[582-582]	582	4
COV	[583-583]	583	3
COV	[584-584]	584	7
COV	[585-585]	585	3
COV	[586-586]	586	2
COV	[587-587]	587	3
COV	[588-588]	588	4
COV	[589-589]	589	1
COV	[590-590]	590	3
COV	[591-591]	591	1
COV	[592-592]	592	2
COV	[593-593]	593	3
COV	[594-594]	594	4
COV	[595-595]	595	1
COV	[596-596]	596	1
COV	[597-597]	597	2
COV	[598-598]	598	6
COV	[599-599]	599	2
COV	[600-600]	600	2
COV	[601-601]	601	7
COV	[602-602]	602	3
COV	[603-603]	603	4
COV	[604-604]	604	4
COV	[605-605]	605	1
COV	[606-606]	606	3
COV	[607-607]	607	3
COV	[608-608]	608	1
COV	[609-609]	609	3
COV	[610-610]	610	6
COV	[611-611]	611	3
COV	[612-612]	612	3
COV	[613-613]	613	4
COV	[614-614]	614	2
COV	[615-615]	615	4
COV	[616-616]	616	4
COV	[618-618]	618	3
COV	[619-619]	619	2
COV	[621-621]	621	1
COV	[622-622]	622	4
COV	[623-623]	623	1
COV	[624-624]	624	4
COV	[625-625]	625	6
COV	[626-626]	626	6
COV	[627-627]	627	1
COV	[628-628]	628	3
COV	[629-629]	629	1
COV	[630-630]	630	2
COV	[631-631]	631	2
COV	[632-632]	632	6
COV	[633-633]	633	2
COV	[634-634]	634	1
COV	[635-635]	635	3
COV	[636-636]	636	6
COV	[637-637]	637	1
COV	[638-638]	638	4
COV	[639-639]	639	4
COV	[640-640]	640	1
COV	[642-642]	642	5
COV	[643-643]	643	5
COV	[644-644]	644	2
COV	[645-645]	645	2
COV	[646-646]	646	6
COV	[647-647]	647	4
COV	[648-648]	648	4
COV	[649-649]	649	4
COV	[651-651]	651	2
COV	[653-653]	653	3
COV	[654-654]	654	1
COV	[655-655]	655	4
COV	[656-656]	656	3
COV	[657-657]	657	1
COV	[658-658]	658	3
COV	[659-659]	659	2
COV	[660-660]	660	2
COV	[661-661]	661	3
COV	[662-662]	662	1
COV	[663-663]	663	4
COV	[664-664]	664	4
COV	[665-665]	665	1
COV	[666-666]	666	3
COV	[667-667]	667	6
COV	[668-668]	668	5
COV	[669-669]	669	4
COV	[670-670]	670	4
COV	[671-671]	671	1
COV	[672-672]	672	3
COV	[673-673]	673	2
COV	[674-674]	674	5
COV	[675-675]	675	2
COV	[676-676]	676	4
COV	[677-677]	677	4
COV	[678-678]	678	2
COV	[679-679]	679	2
COV	[680-680]	680	5
COV	[681-681]	681	4
COV	[682-682]	682	2
COV	[684-684]	684	2
COV	[685-685]	685	3
COV	[686-686]	686	10
COV	[687-687]	687	3
COV	[688-688]	688	5
COV	[689-689]	689	3
COV	[690-690]	690	5
COV	[691-691]	691	9
COV	[692-692]	692	1
COV	[693-693]	693	2
COV	[694-694]	694	2
COV	[695-695]	695	1
COV	[696-696]	696	1
COV	[697-697]	697	4
COV	[699-699]	699	3
COV	[700-700]	700	6
COV	[701-701]	701	3
COV	[702-702]	702	4
COV	[703-703]	703	4
COV	[704-704]	704	3
COV	[705-705]	705	3
COV	[706-706]	706	4
COV	[707-707]	707	8
COV	[708-708]	708	3
COV	[709-709]	709	1
COV	[710-710]	710	3
COV	[711-711]	711	3
COV	[712-712]	712	3
COV	[713-713]	713	3
COV	[714-714]	714	5
COV	[715-715]	715	4
COV	[716-716]	716	5
COV	[717-717]	717	6
COV	[718-718]	718	4
COV	[719-719]	719	6
COV	[720-720]	720	4
COV	[721-721]	721	8
COV	[722-722]	722	3
COV	[723-723]	723	4
COV	[724-724]	724	4
COV	[725-725]	725	4
COV	[726-726]	726	1
COV	[727-727]	727	1
COV	[728-728]	728	5
COV	[729-729]	729	3
COV	[730-730]	730	2
COV	[731-731]	731	6
COV	[732-732]	732	3
COV	[733-733]	733	6
COV	[734-734]	734	3
COV	[735-735]	735	4
COV	[736-736]	736	4
COV	[737-737]	737	3
COV	[738-738]	738	3
COV	[739-739]	739	4
COV	[740-740]	740	3
COV	[741-741]	741	9
COV	[742-742]	742	6
COV	[743-743]	743	1
COV	[744-744]	744	1
COV	[745-745]	745	3
COV	[746-746]	746	3
COV	[747-747]	747	3
COV	[748-748]	748	1
COV	[749-749]	749	3
COV	[750-750]	750	1
COV	[751-751]	751	4
COV	[752-752]	752	4
COV	[753-753]	753	2
COV	[754-754]	754	3
COV	[755-755]	755	2
COV	[756-756]	756	4
COV	[757-757]	757	5
COV	[758-758]	758	3
COV	[759-759]	759	5
COV	[760-760]	760	2
COV	[761-761]	761	3
COV	[762-762]	762	4
COV	[763-763]	763	2
COV	[764-764]	764	1
COV	[765-765]	765	6
COV	[766-766]	766	4
COV	[767-767]	767	4
COV	[768-768]	768	2
COV	[769-769]	769	5
COV	[770-770]	770	4
COV	[771-771]	771	4
COV	[773-773]	773	3
COV	[774-774]	774	4
COV	[775-775]	775	1
COV	[776-776]	776	3
COV	[777-777]	777	2
COV	[778-778]	778	1
COV	[779-779]	779	3
COV	[780-780]	780	1
COV	[781-781]	781	3
COV	[782-782]	782	2
COV	[783-783]	783	2
COV	[784-784]	784	2
COV	[785-785]	785	3
COV	[786-786]	786	1
COV	[787-787]	787	2
COV	[788-788]	788	1
COV	[789-789]	789	5
COV	[790-790]	790	2
COV	[791-791]	791	7
COV	[792-792]	792	2
COV	[793-793]	793	1
COV	[794-794]	794	5
COV	[795-795]	795	2
COV	[796-796]	796	2
COV	[797-797]	797	3
COV	[798-798]	798	5
COV	[799-799]	799	8
COV	[800-800]	800	5
COV	[801-801]	801	5
COV	[802-802]	802	4
COV	[803-803]	803	3
COV	[804-804]	804	3
COV	[805-805]	805	6
COV	[806-806]	806	2
COV	[807-807]	807	2
COV	[808-808]	808	2
COV	[809-809]	809	4
COV	[810-810]	810	5
COV	[811-811]	811	5
COV	[812-812]	812	3
COV	[813-813]	813	7
COV	[814-814]	814	3
COV	[815-815]	815	6
COV	[816-816]	816	5
COV	[817-817]	817	6
COV	[818-818]	818	6
COV	[819-819]	819	3
COV	[820-820]	820	3
COV	[821-821]	821	4
COV	[822-822]	822	6
COV	[824-824]	824	1
COV	[825-825]	825	4
COV	[827-827]	827	5
COV	[828-828]	828	2
COV	[829-829]	829	2
COV	[830-830]	830	4
COV	[831-831]	831	2
COV	[832-832]	832	4
COV	[833-833]	833	2
COV	[834-834]	834	1
COV	[835-835]	835	9
COV	[836-836]	836	2
COV	[837-837]	837	5
COV	[838-838]	838	4
COV	[839-839]	839	1
COV	[840-840]	840	1
COV	[841-841]	841	2
COV	[842-842]	842	5
COV	[843-843]	843	2
COV	[844-844]	844	2
COV	[845-845]	845	3
COV	[846-846]	846	2
COV	[847-847]	847	3
COV	[848-848]	848	2
COV	[849-849]	849	5
COV	[850-850]	850	3
COV	[851-851]	851	2
COV	[853-853]	853	2
COV	[854-854]	854	3
COV	[855-855]	855	1
COV	[856-856]	856	4
COV	[857-857]	857	3
COV	[858-858]	858	6
COV	[859-859]	859	3
COV	[860-860]	860	5
COV	[861-861]	861	1
COV	[862-862]	862	4
COV	[863-863]	863	5
COV	[864-864]	864	3
COV	[865-865]	865	1
COV	[866-866]	866	4
COV	[867-867]	867	1
COV	[868-868]	868	1
COV	[869-869]	869	3
COV	[870-870]	870	1
COV	[871-871]	871	5
COV	[872-872]	872	3
COV	[873-873]	873	4
COV	[874-874]	874	3
COV	[875-875]	875	3
COV	[876-876]	876	4
COV	[877-877]	877	3
COV	[878-878]	878	2
COV	[880-880]	880	3
COV	[881-881]	881	3
COV	[882-882]	882	6
COV	[883-883]	883	2
COV	[885-885]	885	2
COV	[886-886]	886	4
COV	[887-887]	887	1
COV	[888-888]	888	2
COV	[889-889]	889	4
COV	[890-890]	890	6
COV	[891-891]	891	4
COV	[892-892]	892	5
COV	[893-893]	893	6
COV	[894-894]	894	2
COV	[895-895]	895	1
COV	[896-896]	896	3
COV	[897-897]	897	6
COV	[898-898]	898	2
COV	[899-899]	899	3
COV	[901-901]	901	4
COV	[902-902]	902	3
COV	[904-904]	904	3
COV	[905-905]	905	3
COV	[906-906]	906	1
COV	[907-907]	907	2
COV	[909-909]	909	4
COV	[910-910]	910	5
COV	[911-911]	911	4
COV	[912-912]	912	4
COV	[913-913]	913	3
COV	[914-914]	914	6
COV	[915-915]	915	4
COV	[916-916]	916	4
COV	[917-917]	917	5
COV	[918-918]	918	4
COV	[919-919]	919	3
COV	[920-920]	920	1
COV	[921-921]	921	3
COV	[922-922]	922	4
COV	[923-923]	923	1
COV	[924-924]	924	2
COV	[925-925]	925	1
COV	[926-926]	926	3
COV	[927-927]	927	5
COV	[928-928]	928	4
COV	[929-929]	929	2
COV	[930-930]	930	3
COV	[931-931]	931	1
COV	[932-932]	932	3
COV	[933-933]	933	1
COV	[934-934]	934	3
COV	[935-935]	935	6
COV	[936-936]	936	1
COV	[937-937]	937	1
COV	[939-939]	939	1
COV	[940-940]	940	2
COV	[942-942]	942	1
COV	[943-943]	943	1
COV	[944-944]	944	6
COV	[945-945]	945	6
COV	[946-946]	946	2
COV	[947-947]	947	4
COV	[948-948]	948	5
COV	[949-949]	949	4
COV	[950-950]	950	2
COV	[951-951]	951	6
COV	[952-952]	952	7
COV	[953-953]	953	2
COV	[954-954]	954	1
COV	[955-955]	955	5
COV	[956-956]	956	1
COV	[957-957]	957	3
COV	[958-958]	958	1
COV	[959-959]	959	3
COV	[960-960]	960	1
COV	[961-961]	961	2
COV	[962-962]	962	3
COV	[963-963]	963	3
COV	[964-964]	964	1
COV	[965-965]	965	1
COV	[966-966]	966	1
COV	[967-967]	967	4
COV	[968-968]	968	1
COV	[969-969]	969	4
COV	[970-970]	970	4
COV	[971-971]	971	3
COV	[972-972]	972	1
COV	[973-973]	973	3
COV	[974-974]	974	6
COV	[975-975]	975	6
COV	[976-976]	976	6
COV	[977-977]	977	2
COV	[978-978]	978	2
COV	[980-980]	980	5
COV	[982-982]	982	2
COV	[984-984]	984	2
COV	[985-985]	985	1
COV	[986-986]	986	4
COV	[987-987]	987	2
COV	[988-988]	988	2
COV	[989-989]	989	2
COV	[990-990]	990	3
COV	[991-991]	991	3
COV	[992-992]	992	2
COV	[993-993]	993	1
COV	[994-994]	994	8
COV	[996-996]	996	2
COV	[997-997]	997	2
COV	[998-998]	998	2
COV	[999-999]	999	6
COV	[1000-1000]	1000	5
COV	[1000<]	1000	13256
# GC-depth. Use `grep ^GCD | cut -f 2-` to extract this part. The columns are: GC%, unique sequence percentiles, 10th, 25th, 50th, 75th and 90th depth percentile
GCD	0.0	0.001	0.000	0.000	0.000	0.000	0.000
GCD	0.6	0.002	0.003	0.003	0.003	0.003	0.003
GCD	15.0	0.003	0.003	0.003	0.003	0.003	0.003
GCD	17.0	0.003	0.006	0.006	0.006	0.006	0.006
GCD	20.0	0.004	0.002	0.002	0.002	0.002	0.002
GCD	21.0	0.006	0.005	0.005	0.765	0.797	0.797
GCD	22.0	0.009	0.003	0.004	5.042	16.166	18.195
GCD	23.0	0.013	0.002	0.002	0.003	1.859	2.234
GCD	24.0	0.015	0.009	0.009	0.747	1.149	1.149
GCD	25.0	0.020	0.003	0.003	0.003	0.006	0.420
GCD	26.0	0.021	0.012	0.012	0.107	0.203	0.203
GCD	27.0	0.030	0.002	0.002	0.003	0.004	0.008
GCD	28.0	0.038	0.003	0.003	0.003	0.005	0.023
GCD	29.0	0.041	0.006	0.009	0.024	1.058	1.401
GCD	30.0	0.066	0.002	0.003	0.003	0.023	0.343
GCD	31.0	0.093	0.008	0.066	0.318	0.362	0.444
GCD	32.0	0.250	0.003	0.121	0.343	0.411	0.518
GCD	33.0	0.897	0.108	0.305	0.368	0.452	0.593
GCD	34.0	2.588	0.264	0.330	0.396	0.516	0.689
GCD	35.0	6.260	0.254	0.341	0.423	0.569	0.776
GCD	36.0	11.975	0.261	0.356	0.464	0.633	0.860
GCD	37.0	19.380	0.263	0.374	0.503	0.680	0.960
GCD	38.0	27.888	0.273	0.398	0.537	0.743	1.101
GCD	39.0	36.625	0.302	0.431	0.576	0.800	1.181
GCD	40.0	44.839	0.315	0.450	0.597	0.848	1.284
GCD	41.0	52.293	0.347	0.477	0.629	0.903	1.410
GCD	42.0	58.928	0.353	0.488	0.650	0.938	1.452
GCD	43.0	64.551	0.369	0.506	0.669	0.969	1.563
GCD	44.0	69.310	0.405	0.531	0.701	1.029	1.610
GCD	45.0	73.401	0.405	0.543	0.720	1.073	1.764
GCD	46.0	76.830	0.423	0.557	0.749	1.125	1.964
GCD	47.0	79.772	0.426	0.578	0.776	1.205	2.162
GCD	48.0	82.272	0.470	0.615	0.842	1.315	2.425
GCD	49.0	84.501	0.500	0.648	0.908	1.473	2.811
GCD	50.0	86.475	0.527	0.685	0.975	1.765	3.378
GCD	51.0	88.229	0.543	0.731	1.073	2.052	3.718
GCD	52.0	89.935	0.576	0.779	1.221	2.399	4.175
GCD	53.0	91.471	0.595	0.843	1.347	2.735	4.327
GCD	54.0	92.868	0.669	0.978	1.690	3.168	4.619
GCD	55.0	94.159	0.698	1.033	1.883	3.298	4.871
GCD	56.0	95.245	0.795	1.175	2.162	3.564	5.217
GCD	57.0	96.197	0.770	1.283	2.400	3.839	5.300
GCD	58.0	97.002	0.811	1.320	2.408	3.876	5.597
GCD	59.0	97.659	0.958	1.608	2.776	4.121	5.882
GCD	60.0	98.245	1.063	1.746	2.913	4.759	7.020
GCD	61.0	98.728	1.065	1.912	3.144	4.497	6.195
GCD	62.0	99.079	1.150	1.966	3.143	4.447	6.291
GCD	63.0	99.362	1.044	1.950	3.257	4.892	7.219
GCD	64.0	99.558	1.140	2.199	3.288	5.163	7.259
GCD	65.0	99.705	0.993	2.084	3.617	4.944	6.624
GCD	66.0	99.824	1.205	2.251	3.450	5.190	7.360
GCD	67.0	99.901	0.797	2.071	3.227	4.840	7.666
GCD	68.0	99.943	1.388	2.497	3.573	5.558	8.189
GCD	69.0	99.970	0.999	2.613	4.263	6.198	8.554
GCD	70.0	99.980	0.008	1.726	3.672	5.215	10.127
GCD	71.0	99.986	0.009	0.257	2.634	5.913	7.967
GCD	72.0	99.992	0.006	0.009	0.444	5.447	7.602
GCD	73.0	99.994	0.003	0.003	0.003	1.155	1.155
GCD	74.0	99.996	0.348	0.348	0.973	1.598	1.598
GCD	75.0	99.997	0.003	0.003	0.006	0.009	0.009
GCD	76.0	99.998	3.948	3.948	3.948	3.948	3.948
GCD	79.0	99.999	0.377	0.377	0.377	0.377	0.377
GCD	81.0	99.999	0.027	0.027	0.027	0.027	0.027
GCD	83.0	100.000	0.002	0.002	0.002	0.002	0.002
